1. Hill Climbing 
2. Simulated Annealing 
3. Genetic Algorithm

Times: 
[0.01923394203186035, 0.002142190933227539, 0.0032656192779541016, 0.01881694793701172, 0.018690824508666992, 0.0021386146545410156, 0.020201444625854492, 0.002034425735473633, 0.018564939498901367, 0.0195004940032959, 0.020514249801635742, 0.018881797790527344, 0.001811981201171875, 0.0017910003662109375, 0.002566814422607422, 0.018505334854125977, 0.001958131790161133, 0.019307374954223633, 0.018886804580688477, 0.01874852180480957, 0.018909454345703125, 0.002480030059814453, 0.0018544197082519531, 0.0024111270904541016, 0.01920032501220703, 0.0017857551574707031, 0.0018095970153808594, 0.01834726333618164, 0.0017576217651367188, 0.0049021244049072266]
 Promedio: 0.010700639088948567 Desviación estandar: 0.008559706717475489
[0.001135110855102539, 0.03633737564086914, 0.03745675086975098, 0.038202762603759766, 0.03710365295410156, 0.03446459770202637, 0.037815093994140625, 0.00246429443359375, 0.03726840019226074, 0.036682844161987305, 0.03810477256774902, 0.0363461971282959, 0.0033197402954101562, 0.039258480072021484, 0.03716254234313965, 0.0025322437286376953, 0.03711557388305664, 0.0014636516571044922, 0.0029096603393554688, 0.03602242469787598, 0.0014805793762207031, 0.0014240741729736328, 0.002530336380004883, 0.03641915321350098, 0.03595447540283203, 0.03639960289001465, 0.0026226043701171875, 0.039166927337646484, 0.0017392635345458984, 0.0015630722045898438]
 Promedio: 0.023082208633422852 Desviación estandar: 0.017454534412635277
[0.3871572017669678, 0.3662452697753906, 0.36796069145202637, 0.06374382972717285, 0.3692038059234619, 0.38921189308166504, 0.3625965118408203, 0.3593308925628662, 0.18852543830871582, 0.16868305206298828, 0.2899510860443115, 0.07968378067016602, 0.36048030853271484, 0.15009498596191406, 0.365206241607666, 0.3623921871185303, 0.36908817291259766, 0.3650815486907959, 0.36310553550720215, 0.3587825298309326, 0.3408505916595459, 0.3678278923034668, 0.36582088470458984, 0.36432790756225586, 0.36087894439697266, 0.3652198314666748, 0.36092567443847656, 0.1873941421508789, 0.3193833827972412, 0.3654484748840332]
 Promedio: 0.31615342299143473 Desviación estandar: 0.09424130172636151

Status: 
[51, 5, 8, 51, 51, 5, 51, 4, 51, 51, 51, 51, 4, 4, 6, 51, 4, 51, 51, 51, 51, 6, 4, 5, 51, 4, 4, 51, 3, 12]
 Promedio: 28.1 Desviación estandar: 23.343536357098348
[3, 101, 101, 101, 101, 101, 101, 7, 101, 101, 101, 101, 16, 101, 101, 7, 101, 4, 8, 101, 4, 4, 7, 101, 101, 101, 7, 101, 4, 4]
 Promedio: 63.1 Desviación estandar: 47.26108700429547
[10350, 10329, 10365, 1793, 10347, 10320, 10299, 10269, 5298, 4841, 8160, 2306, 10329, 4305, 10353, 10338, 10287, 10323, 10272, 10320, 9711, 10341, 10323, 10359, 10347, 10314, 10305, 5268, 9050, 10305]
 Promedio: 8917.566666666668 Desviación estandar: 2636.1965899605325

Success: 
15
12
9
